来源文件：output/descriptive_stats/stock_return_descriptive_statistics.csv
====================================================================================================
      Ticker  Name  Count      Mean       Std  Variance       Min       25%    Median       75%       Max  Skewness   Kurtosis  Annualized Mean  Annualized Volatility
0  600519.SS  贵州茅台    968 -0.000412  0.015368  0.000236 -0.078574 -0.007838 -0.001133  0.005860  0.088856  0.532183   5.534812        -0.103716               0.243952
1  000858.SZ   五粮液    968 -0.000771  0.018978  0.000360 -0.105123 -0.011375 -0.002344  0.007205  0.095310  0.678182   3.952095        -0.194417               0.301266
2  601318.SS  中国平安    968  0.000303  0.017011  0.000289 -0.102790 -0.008357 -0.000379  0.007792  0.095330  0.569136   4.909775         0.076419               0.270036
3  600036.SS  招商银行    968 -0.000143  0.016898  0.000286 -0.090311 -0.008647 -0.000598  0.007884  0.086855  0.077896   3.899762        -0.036035               0.268243
4  600900.SS  长江电力    968  0.000180  0.010902  0.000119 -0.061875 -0.005445 -0.000340  0.005779  0.056528 -0.002092   3.755197         0.045385               0.173061
5  600276.SS  恒瑞医药    968  0.000173  0.020776  0.000432 -0.105361 -0.011351 -0.000917  0.010139  0.095310  0.328624   3.150250         0.043569               0.329815
6  601012.SS  隆基绿能    968 -0.001590  0.026473  0.000701 -0.277152 -0.015976 -0.002873  0.011528  0.095538 -0.821874  13.295100        -0.400800               0.420246
7  300750.SZ  宁德时代    968 -0.000452  0.031274  0.000978 -0.541703 -0.013572 -0.001906  0.011997  0.171451 -5.080206  94.308787        -0.113921               0.496462
8  600887.SS  伊利股份    968 -0.000364  0.014965  0.000224 -0.105515 -0.007939 -0.001196  0.006165  0.082651  0.118637   7.513714        -0.091850               0.237563
9  002415.SZ  海康威视    968 -0.000582  0.019023  0.000362 -0.105387 -0.011032 -0.000662  0.008541  0.083947  0.049279   3.068005        -0.146631               0.301974
