来源文件：output/three_factor_selection/three_factor_regression_results.csv
====================================================================================================
      Ticker  Name    N     Alpha  Alpha Annualized   Alpha t   Alpha p Alpha Sig  Beta_MKT  Beta_MKT p  Beta_SMB  Beta_SMB p  Beta_HML  Beta_HML p        R2  Adjusted R2
0  600900.SS  长江电力  698  0.000106          0.026725  0.235526  0.813870       NaN  0.043935    0.333034 -0.037012    0.583198 -0.006093    0.907578  0.001782    -0.002533
1  601318.SS  中国平安  698 -0.000072         -0.018084 -0.104283  0.916975       NaN  0.071742    0.301030  0.040970    0.691036 -0.029856    0.709756  0.003700    -0.000606
2  600519.SS  贵州茅台  698 -0.000390         -0.098167 -0.614366  0.539175       NaN  0.018069    0.777322 -0.002470    0.979253 -0.106623    0.149433  0.004277    -0.000027
3  600887.SS  伊利股份  698 -0.000496         -0.124911 -0.821231  0.411796       NaN -0.024478    0.687346  0.065902    0.466114 -0.011101    0.874626  0.000822    -0.003497
4  600036.SS  招商银行  698 -0.000625         -0.157499 -0.896686  0.370198       NaN -0.011665    0.868089  0.067587    0.517451 -0.056416    0.487517  0.001483    -0.002834
5  600276.SS  恒瑞医药  698 -0.000628         -0.158238 -0.793660  0.427664       NaN  0.056605    0.477760 -0.059804    0.613840 -0.078567    0.394383  0.002849    -0.001462
6  000858.SZ   五粮液  698 -0.000883         -0.222631 -1.118921  0.263561       NaN  0.047421    0.551191  0.046718    0.692836 -0.018699    0.839003  0.001524    -0.002792
7  002415.SZ  海康威视  698 -0.001141         -0.287586 -1.491510  0.136282       NaN -0.058490    0.448157  0.075227    0.511636 -0.111308    0.212278  0.002869    -0.001441
8  300750.SZ  宁德时代  698 -0.001274         -0.320933 -0.991321  0.321874       NaN  0.195501    0.131294 -0.142434    0.459268 -0.153921    0.304198  0.007530     0.003240
9  601012.SS  隆基绿能  698 -0.002378         -0.599285 -2.241257  0.025325        **  0.034115    0.749671  0.172820    0.277067 -0.075281    0.542798  0.003811    -0.000495
